10	3	236	943
7	1	601	827
8	1	601	1418
9	1	601	827
2	1	601	827
9	2	601	601
10	2	601	827
4	3	601	944
5	4	601	601
9	4	601	716
11	4	601	944
6	5	601	601
8	5	601	601
9	5	601	601
10	5	601	601
12	5	601	601
6	1	601	601
6	5	601	601
8	6	601	601
10	6	601	601
7	2	601	601
7	3	601	1065
7	6	601	827
9	7	601	601
11	7	601	1065
8	1	601	1065
8	3	601	827
8	4	601	601
8	5	601	601
8	7	601	1910
10	8	601	1065
9	1	601	827
9	2	601	601
9	4	601	601
9	8	601	1065
10	9	601	827
11	9	601	601
12	9	601	601
11	1	601	2257
11	2	601	601
11	4	601	601
11	5	601	1065
11	10	601	1065
12	2	601	601
12	3	601	601
12	6	601	827
12	7	601	601
12	8	601	601
12	9	601	601
4	1	716	1067
11	1	716	944
4	2	716	944
6	2	716	716
11	2	716	1065
12	2	716	716
7	4	716	716
8	4	716	1065
5	2	716	1065
5	3	716	827
5	4	716	1664
7	5	716	827
6	3	716	1067
6	4	716	1294
9	6	716	716
8	6	716	1419
12	8	716	716
9	5	716	1065
9	7	716	716
12	11	716	716
12	4	716	716
12	11	716	716
10	1	827	827
3	2	827	1785
8	2	827	827
12	4	827	944
12	6	827	944
8	7	827	1295
10	7	827	1787
9	8	827	944
11	3	827	827
12	1	827	827
5	3	943	943
3	1	944	944
7	2	944	944
5	1	944	944
6	5	944	1179
8	5	944	944
9	5	944	1068
10	5	944	1295
7	6	944	1065
7	1	944	1065
9	7	944	1179
8	5	944	944
9	2	944	944
9	4	944	1065
11	9	944	1067
12	9	944	944
11	8	944	944
12	8	944	944
12	9	944	944
10	2	1002	1002
10	5	1002	1002
10	7	1002	1487
2	1	1065	1065
5	1	1065	1065
9	2	1065	1068
6	3	1065	1187
11	3	1065	1066
4	2	1065	1785
7	4	1065	1065
9	4	1065	1065
11	5	1065	1065
6	1	1065	1178
8	6	1065	1065
9	6	1065	1065
7	5	1065	1065
12	7	1065	1065
8	4	1065	1065
9	7	1065	1065
12	3	1065	1065
12	10	1065	2032
12	11	1065	1065
3	2	1066	1541
7	1	1067	1067
9	1	1067	1663
2	1	1068	1295
6	2	1068	1068
8	2	1068	1068
10	2	1068	1068
4	1	1068	1068
6	4	1068	1785
10	4	1068	1179
5	3	1068	1068
7	4	1068	1068
11	8	1068	1068
11	2	1068	1297
11	3	1068	1068
11	4	1068	1068
12	11	1068	1295
12	6	1068	1419
10	4	1118	1242
10	8	1118	1118
12	10	1118	1364
6	1	1178	1178
6	5	1178	1663
10	6	1178	1178
11	6	1178	1418
12	6	1178	3070
5	2	1179	1179
12	2	1179	1179
5	4	1179	1419
7	2	1179	2139
7	6	1179	1295
8	5	1179	2139
9	8	1179	1910
11	6	1179	1179
11	8	1179	1542
12	1	1179	1419
12	5	1179	1419
3	1	1187	1541
4	3	1187	1189
9	3	1187	1187
10	3	1189	1312
12	3	1189	1421
10	9	1242	1242
11	10	1242	1608
5	1	1294	1296
9	1	1294	1664
12	1	1294	1296
11	2	1295	1295
8	5	1295	1295
7	3	1295	1295
12	8	1295	1541
11	9	1295	1419
12	2	1295	1909
12	7	1295	1295
12	11	1295	1295
2	1	1296	1296
3	1	1296	1419
7	4	1297	1297
7	5	1297	1910
12	7	1297	1297
11	3	1297	1787
11	5	1297	2019
11	10	1297	1297
10	6	1364	1364
7	1	1418	1419
11	1	1418	1418
7	6	1418	2374
7	2	1419	1664
4	1	1419	1785
5	3	1419	1664
7	5	1419	1664
11	5	1419	1785
12	5	1419	2265
11	7	1419	1419
6	3	1421	1545
8	3	1421	1421
9	3	1421	1421
10	3	1487	1608
10	8	1487	1608
4	1	1540	1540
12	1	1540	1540
6	1	1540	1908
6	3	1540	2260
8	6	1540	1540
9	5	1540	1540
9	7	1540	1540
9	8	1540	1540
4	2	1541	1541
5	2	1541	1664
8	2	1541	1910
10	2	1541	1541
4	3	1541	1545
11	3	1541	1541
10	4	1541	1541
8	4	1541	2139
7	1	1542	1787
7	6	1542	2142
12	11	1542	1663
10	3	1545	1657
10	4	1608	1608
10	1	1610	1733
10	2	1610	1733
10	6	1610	1733
7	3	1654	1657
12	3	1654	1888
3	1	1657	1657
5	3	1657	1776
4	3	1659	1772
9	3	1659	2467
11	7	1663	1910
9	4	1663	1663
11	10	1663	2019
11	1	1664	2016
6	2	1664	1664
3	2	1775	1775
6	3	1775	1886
7	3	1775	1775
3	1	1776	1776
10	3	1776	1776
9	6	1784	1784
2	1	1785	1785
9	2	1785	1785
4	3	1785	1785
5	4	1785	1785
8	4	1785	1785
8	2	1785	2252
8	6	1785	1785
12	3	1785	1785
12	4	1785	2261
12	6	1785	2032
12	8	1785	2141
12	9	1785	1909
3	1	1787	1896
8	1	1787	2016
4	2	1787	1787
10	2	1787	2019
7	4	1787	1787
11	4	1787	1787
12	4	1787	1787
7	3	1787	2019
8	1	1787	1787
10	8	1787	2258
10	3	1842	2195
10	4	1842	2072
11	10	1842	1842
8	3	1886	1886
4	3	1888	2000
7	1	1896	2016
12	1	1896	2016
9	2	1905	2131
9	5	1905	2131
10	9	1905	1905
6	2	1908	2265
5	1	1909	2374
5	2	1909	2032
5	2	1910	2252
6	2	1910	1910
11	2	1910	2254
9	4	1910	2260
8	7	1910	2139
11	9	1910	1910
10	7	1962	1962
12	10	1962	2072
10	9	1963	2072
2	1	2019	3279
5	1	2019	2933
6	1	2019	2019
3	2	2019	2019
9	2	2019	2378
4	1	2019	2019
4	3	2019	2139
5	4	2019	2260
8	4	2019	2377
12	7	2019	2139
9	4	2020	2602
9	7	2020	2602
9	8	2020	2020
11	9	2020	2484
12	9	2020	2020
11	6	2031	2031
6	5	2032	2032
9	5	2032	2374
10	5	2032	2032
12	1	2032	2032
12	5	2032	2032
10	1	2075	2075
10	2	2075	2075
10	6	2075	2307
10	7	2079	2192
10	8	2079	2195
11	10	2079	2079
3	2	2124	2582
5	3	2124	2467
6	3	2124	2124
8	3	2124	2233
10	1	2130	2933
12	1	2130	2130
9	1	2131	2248
6	1	2132	2250
9	1	2132	2250
4	2	2139	2378
10	4	2139	2490
7	1	2139	2251
7	4	2139	2368
10	7	2139	2255
8	6	2139	2139
11	2	2139	2144
12	11	2139	2601
6	5	2140	2497
4	2	2141	2256
6	4	2141	2141
12	4	2141	2141
5	3	2141	2261
7	5	2141	2261
12	3	2141	2261
12	7	2141	2261
7	5	2142	2251
2	1	2143	2378
8	2	2143	2143
8	1	2143	2487
8	7	2143	2252
9	8	2143	2371
11	6	2144	2144
10	4	2192	2197
10	9	2195	2195
10	1	2197	2422
10	2	2197	2310
10	5	2197	2422
3	1	2233	2467
7	3	2233	2233
7	1	2247	2247
8	1	2247	2247
12	1	2247	2247
10	9	2248	2248
7	4	2250	2250
11	4	2250	2256
9	7	2251	2251
6	2	2252	2252
7	2	2252	2372
12	8	2252	2252
7	2	2253	2712
7	3	2253	2255
11	3	2253	2257
11	9	2253	2370
11	10	2253	2958
3	2	2254	2254
12	7	2255	2255
4	3	2256	2256
8	3	2257	2602
8	5	2257	2374
11	6	2257	2257
11	7	2257	2601
12	2	2259	2259
4	1	2260	2260
6	1	2260	2376
11	5	2261	2374
12	1	2264	2373
12	5	2264	2492
12	6	2264	2373
12	9	2264	2373
12	10	2264	2373
5	2	2265	2265
10	5	2265	2836
8	6	2265	2376
10	6	2265	2374
10	7	2307	2655
11	10	2307	2307
10	3	2310	2310
4	3	2357	2694
10	3	2357	2694
4	1	2360	2474
7	6	2368	2485
8	7	2368	2599
11	4	2370	2601
8	2	2372	2372
10	2	2372	2372
7	1	2372	2372
7	5	2372	2372
9	7	2372	2372
9	3	2373	2968
12	9	2373	2602
11	5	2373	2373
12	8	2373	2375
3	2	2374	2374
6	5	2374	2492
8	5	2374	2374
8	4	2374	2374
12	8	2374	2374
7	3	2375	2375
12	7	2375	2599
12	4	2375	2607
12	11	2375	2497
6	4	2376	2492
9	6	2376	2376
11	3	2376	2601
4	3	2377	2377
12	4	2377	2377
5	3	2377	2379
5	4	2377	2377
7	5	2377	2377
10	8	2377	2487
5	2	2378	2378
11	2	2378	2488
5	2	2379	2611
12	5	2379	2496
4	1	2380	2380
5	4	2380	2839
6	4	2380	2490
9	4	2380	2839
10	4	2422	2655
10	8	2422	2655
12	10	2422	2655
3	1	2474	2474
7	1	2474	2474
11	1	2474	2474
9	1	2475	2584
9	8	2484	2484
7	4	2485	2485
7	1	2487	2487
7	5	2487	2487
9	7	2487	2710
10	7	2487	2487
9	8	2487	2487
6	2	2488	2488
10	2	2488	2491
12	2	2488	2836
11	1	2489	2489
11	9	2489	2958
4	2	2490	2490
8	2	2490	2959
8	5	2490	2490
8	7	2490	2726
12	8	2490	3184
3	2	2491	2603
5	1	2492	2499
8	5	2492	2492
9	5	2492	2834
6	3	2492	2609
7	6	2492	2497
11	6	2492	2492
12	1	2492	2492
12	6	2492	3067
12	10	2492	2957
4	3	2494	2494
8	4	2494	2606
12	2	2494	2494
12	3	2494	2494
12	7	2494	2494
12	9	2494	2607
7	5	2496	2496
6	1	2497	3185
6	2	2497	2497
9	6	2497	2497
10	6	2497	2497
12	8	2497	2607
5	3	2499	2499
12	3	2582	2694
6	1	2584	2818
11	7	2599	2712
7	6	2601	2712
11	2	2601	2601
11	8	2601	2601
8	4	2602	2726
9	2	2602	3092
4	2	2603	2836
7	4	2606	2606
11	4	2606	2606
12	4	2606	2606
12	5	2607	3067
6	5	2609	2725
8	5	2609	2725
6	4	2609	2836
12	1	2610	3067
12	2	2610	2610
11	5	2611	2611
7	6	2613	2960
8	6	2613	2960
11	6	2613	2725
10	3	2655	2655
10	1	2657	2882
10	2	2657	2767
10	5	2657	2767
10	6	2657	2767
10	9	2657	2767
11	3	2694	2808
7	1	2710	2822
7	5	2710	2822
10	7	2710	2937
7	4	2712	2712
8	7	2712	2712
12	7	2712	2712
5	1	2723	2834
9	8	2724	2724
10	9	2724	3092
11	9	2724	2724
5	4	2725	2725
6	5	2725	2836
9	6	2725	2836
10	6	2725	2725
8	6	2726	3184
5	2	2727	2836
11	2	2727	2727
4	1	2730	3884
4	2	2730	2730
6	4	2730	2730
5	3	2808	3278
8	1	2818	2818
5	2	2834	2946
11	5	2834	2834
11	5	2834	2834
2	1	2836	2948
7	2	2836	3063
8	2	2836	2836
5	3	2836	3061
9	2	2838	2838
10	4	2839	3414
12	9	2846	2955
12	11	2846	2846
9	1	2847	3092
9	5	2847	2847
10	3	2882	2994
3	2	2928	2928
6	3	2928	2928
9	1	2933	2933
7	3	2937	3283
5	4	2946	3061
7	5	2946	3407
3	2	2948	3759
6	2	2948	2948
11	2	2948	3175
12	8	2957	3650
11	1	2958	2958
11	3	2958	2958
11	7	2958	3769
8	3	2959	3069
9	8	2959	2959
6	3	2960	3070
9	6	2968	3447
9	7	2968	2968
12	9	2968	2968
10	4	2994	3350
12	10	2994	3578
3	1	3045	3159
4	1	3045	3045
7	1	3045	3159
12	1	3045	3045
7	4	3049	3283
12	7	3049	3283
3	1	3050	3050
7	3	3050	3168
9	3	3050	3168
10	3	3050	3050
11	5	3061	3529
12	5	3061	3061
5	2	3063	3063
12	2	3063	3063
11	2	3068	3769
11	4	3068	3651
11	6	3068	3882
11	8	3068	3068
12	11	3068	3651
8	4	3069	4003
4	2	3073	3188
6	4	3073	3073
10	8	3108	3468
11	10	3108	3578
6	1	3159	3159
8	7	3163	3283
4	3	3168	3168
8	3	3168	3631
12	3	3168	3168
6	5	3173	3173
9	5	3173	3173
10	5	3173	3173
4	2	3175	3175
12	3	3182	3650
12	7	3182	3294
12	11	3182	3182
6	5	3185	3297
11	6	3185	3297
5	4	3188	3414
9	5	3215	3324
3	2	3278	3631
11	3	3278	3278
5	1	3279	3401
9	1	3279	3279
10	1	3279	3279
6	3	3280	3280
7	6	3283	3283
8	5	3287	3529
8	2	3289	3289
11	9	3295	3295
8	1	3296	3530
8	5	3296	3880
8	7	3296	3296
10	8	3296	3296
6	4	3297	3531
4	3	3300	3534
7	4	3300	3300
12	4	3300	3300
10	3	3350	3578
10	7	3350	3350
8	1	3401	3983
11	1	3401	3401
12	1	3401	3519
7	3	3401	3631
12	3	3401	3401
7	1	3405	3633
7	5	3405	3405
9	7	3405	3633
10	7	3405	3633
5	3	3407	3529
5	4	3407	3407
12	5	3407	3407
12	4	3408	3408
11	1	3409	3529
8	2	3410	4233
8	3	3410	3530
9	8	3410	3410
11	8	3410	3530
6	3	3411	3411
9	4	3414	3414
9	1	3444	3556
10	9	3444	3556
9	3	3447	3558
9	8	3447	3447
12	9	3447	3447
10	2	3468	3468
3	1	3514	3514
5	3	3514	3514
9	3	3514	3514
10	3	3514	3514
3	1	3519	3519
4	1	3519	3983
12	9	3528	3528
6	5	3529	3757
11	3	3529	3529
2	1	3531	3762
11	2	3531	3649
6	1	3531	3653
4	2	3534	3884
8	4	3534	3656
9	5	3556	3561
9	4	3558	3789
9	7	3558	3674
11	9	3558	3558
9	6	3561	3561
10	1	3578	3934
10	6	3581	3815
7	1	3629	3629
2	1	3632	3632
6	1	3632	3632
10	1	3632	3632
4	3	3635	4120
11	3	3635	3635
12	3	3635	3877
7	2	3636	4111
7	6	3636	3987
11	7	3636	3987
5	2	3647	3647
9	5	3647	3881
10	5	3647	3647
8	2	3649	3649
9	2	3649	3762
12	6	3650	3878
11	5	3651	3651
8	6	3652	3882
8	7	3652	4116
10	8	3652	3652
6	2	3653	4234
6	5	3653	3653
7	6	3653	3771
8	6	3653	3883
9	6	3653	4004
12	6	3653	3771
6	4	3656	3884
9	1	3674	3674
12	9	3674	3674
9	2	3677	4137
9	3	3677	3677
11	9	3677	3677
9	8	3679	3679
10	5	3702	3702
10	9	3702	3934
3	1	3753	3866
12	1	3753	3866
7	4	3757	3757
8	7	3757	3870
3	1	3758	3758
6	3	3758	3758
10	3	3758	3758
4	2	3759	4116
5	2	3759	4601
10	2	3759	3762
5	3	3760	3760
5	4	3760	4356
7	5	3760	3760
12	5	3760	4356
12	2	3762	3996
12	7	3768	4231
12	11	3768	4234
11	8	3769	3769
5	4	3774	3884
10	4	3774	3774
9	7	3789	3789
12	9	3789	3789
9	1	3792	4476
9	5	3792	4476
9	6	3792	4139
10	9	3792	4028
7	1	3866	3866
11	1	3866	3866
12	1	3878	3878
12	2	3878	4231
12	5	3878	3878
12	10	3878	3878
11	1	3879	3879
11	10	3879	3879
8	1	3880	3882
12	8	3880	4003
12	8	3880	4234
6	3	3881	3881
6	4	3881	3881
11	3	3882	4233
6	2	3883	4113
7	2	3883	3883
8	2	3883	3883
6	5	3883	4470
11	6	3883	3883
7	4	3888	4009
12	4	3888	4122
10	3	3932	4176
11	10	3932	3932
12	10	3932	4294
10	2	3934	4176
10	5	3934	4057
5	1	3983	3983
10	1	3983	4109
2	1	3986	3986
6	1	3986	3986
9	1	3986	3986
7	3	3987	3988
7	5	3988	4343
9	7	3988	3988
10	7	3988	3988
3	2	3990	3990
7	3	3990	3990
8	3	3990	3990
9	3	3990	4364
11	3	3990	3990
11	2	3996	3996
12	4	4001	4114
11	2	4003	4116
11	4	4003	4003
11	5	4003	4003
12	11	4003	4233
7	6	4004	4004
11	4	4009	4122
10	4	4057	4534
10	7	4057	4294
11	1	4109	4341
5	3	4111	4111
7	5	4111	4356
7	1	4111	4347
8	7	4111	4111
3	2	4113	4471
5	2	4114	4114
9	5	4114	4114
7	2	4116	4116
8	3	4116	4597
8	5	4116	4479
10	8	4116	4116
11	7	4116	4116
11	10	4116	4116
6	3	4117	4117
6	4	4117	4117
3	1	4120	4366
5	3	4120	4364
10	3	4120	4364
4	2	4122	4122
4	3	4122	4600
5	4	4122	4239
6	4	4122	4239
9	8	4137	4364
10	8	4176	4294
3	1	4228	4228
4	1	4228	4348
12	1	4228	4348
12	3	4231	4234
8	6	4233	4237
11	6	4233	4359
6	1	4234	4357
10	6	4234	4238
11	6	4234	4478
12	1	4235	4467
12	6	4235	4473
12	9	4235	4467
12	10	4235	4467
11	1	4236	4595
11	5	4236	4478
11	9	4236	4478
10	5	4237	4469
11	5	4237	4356
8	6	4237	4477
8	1	4237	4597
8	4	4237	4237
9	8	4237	4597
9	6	4238	4477
9	2	4239	4358
10	2	4239	4239
9	4	4239	4239
7	4	4242	4597
8	4	4242	4597
8	3	4245	4483
11	3	4245	4245
12	3	4245	4369
10	9	4249	4249
10	1	4291	4534
10	5	4291	4534
10	6	4291	4416
10	9	4291	4291
10	2	4297	4297
9	7	4343	4343
2	1	4345	4351
6	1	4345	4472
9	1	4345	4345
10	1	4345	4470
7	2	4347	4347
7	6	4347	4347
8	7	4347	4472
12	7	4347	4474
3	1	4348	4348
8	1	4348	4348
7	4	4350	4477
5	1	4351	4470
9	7	4353	4591
12	5	4354	4469
2	1	4358	4601
8	2	4358	4471
11	2	4359	4359
11	4	4359	4359
11	7	4359	4359
11	8	4359	4594
10	8	4360	4597
9	3	4364	4364
11	4	4365	4484
12	4	4365	4725
6	3	4366	4483
7	3	4369	4483
10	9	4418	4418
11	10	4418	4658
10	8	4420	4667
5	1	4469	4469
9	1	4470	4470
6	2	4470	4470
7	6	4470	4472
7	2	4471	4478
12	3	4471	4595
12	4	4471	4471
3	1	4472	4474
7	1	4472	4472
8	1	4472	4588
11	1	4472	4593
12	1	4472	4588
5	2	4472	4472
8	5	4472	4472
9	5	4472	4472
6	4	4472	4472
12	6	4472	4472
7	3	4472	4833
12	1	4473	4473
12	9	4473	4592
4	1	4474	4474
4	2	4475	5205
12	2	4475	4480
5	3	4475	4839
7	5	4475	4601
5	4	4477	4596
12	5	4477	4596
6	1	4477	4850
10	6	4477	5207
7	5	4477	4597
6	2	4478	4607
6	3	4478	4597
11	3	4478	4591
11	10	4478	4478
8	2	4479	4719
11	2	4480	4480
3	2	4483	4615
3	1	4484	4484
5	3	4484	4613
9	3	4486	4489
12	3	4486	4486
10	3	4489	4489
10	2	4534	5032
10	6	4534	4534
2	1	4590	4720
6	1	4590	4720
7	1	4590	4593
9	1	4590	4596
10	1	4590	4596
9	2	4590	4590
9	6	4590	4950
11	7	4591	4597
8	4	4592	4844
12	8	4592	4843
5	1	4593	4593
11	4	4594	4720
11	6	4594	4720
12	11	4594	4720
8	7	4595	4719
12	8	4595	4719
11	9	4595	5336
11	10	4595	4595
12	7	4595	4595
5	1	4596	4601
7	2	4596	4596
7	4	4596	4596
8	7	4596	5069
9	4	4597	4727
7	1	4597	4597
10	7	4597	4597
8	5	4597	4600
12	6	4597	4597
12	11	4597	4597
6	5	4598	4598
8	5	4598	4598
11	3	4598	4837
11	5	4598	4723
11	7	4598	4598
3	2	4599	4968
9	2	4599	4601
10	2	4599	4728
7	6	4599	4715
4	2	4600	4600
6	4	4600	4845
10	5	4601	4840
6	4	4602	4602
6	5	4602	4721
9	6	4602	4607
12	6	4602	4607
7	2	4603	4845
7	4	4603	4833
12	7	4603	4603
10	4	4604	4604
11	4	4604	4604
5	4	4606	4844
7	6	4607	4607
6	3	4613	4613
8	3	4613	4613
4	3	4615	4861
11	3	4615	4847
10	7	4662	4667
10	9	4662	4662
10	4	4667	4667
10	5	4667	4795
12	10	4667	5029
10	9	4710	5060
12	5	4711	4719
12	9	4711	4713
5	2	4715	4715
9	5	4715	4715
11	7	4715	4840
12	1	4715	4843
12	2	4715	4719
12	6	4715	4715
12	7	4715	5076
12	11	4715	4958
8	6	4719	4721
12	4	4719	5076
8	3	4721	4721
5	1	4723	4723
7	1	4723	4953
8	1	4723	5188
11	1	4723	4953
11	1	4723	5332
11	10	4723	4961
4	2	4725	4849
8	1	4725	4725
10	8	4725	4725
3	1	4727	4845
4	1	4727	4844
7	4	4729	4729
10	6	4791	4795
10	1	4795	4795
10	3	4795	4795
9	8	4832	4832
3	1	4835	4953
7	5	4836	4836
9	7	4836	4836
7	1	4838	4840
11	5	4839	4839
12	5	4839	4839
8	2	4839	4839
8	7	4839	4839
9	8	4839	4844
12	8	4839	4839
5	1	4840	5084
8	5	4840	4842
7	3	4840	5069
7	4	4840	5069
8	3	4841	4841
10	4	4843	4843
5	4	4843	4846
7	5	4843	5078
12	5	4843	5078
12	3	4843	5076
12	9	4843	4843
9	4	4844	4844
11	8	4844	4849
5	3	4845	4845
9	3	4845	4845
10	3	4845	4851
4	3	4845	4849
8	4	4845	4973
11	4	4845	4973
6	4	4845	5211
7	6	4845	5069
12	6	4846	5311
6	3	4847	6033
12	3	4847	5088
8	5	4848	4849
10	8	4848	5091
6	2	4849	4849
7	6	4849	4849
9	6	4849	4849
11	6	4849	4849
8	1	4849	4851
8	6	4849	4963
8	7	4849	5081
8	6	4850	5207
8	2	4851	4851
9	8	4851	5209
3	2	4858	4974
5	3	4858	5556
8	3	4858	4974
11	3	4861	4861
10	4	4907	5025
9	1	4950	5413
9	5	4950	5060
12	1	4953	4957
2	1	4955	4955
6	1	4955	4955
9	1	4955	4957
9	5	4958	5084
7	5	4958	5310
10	7	4958	5310
11	7	4958	4958
12	2	4958	4958
3	1	4960	5310
4	1	4960	4960
12	11	4961	4961
2	1	4962	4962
5	1	4962	4962
6	1	4962	4962
10	1	4962	4962
8	4	4963	4963
12	8	4963	4963
9	1	4964	4964
11	1	4964	5188
6	2	4966	4966
8	2	4966	4973
9	2	4966	4966
12	2	4966	5087
11	5	4966	5330
11	8	4966	4969
11	3	4969	5332
11	4	4969	5096
11	6	4969	4969
7	2	4971	5222
9	2	4973	4973
7	4	4973	4973
12	4	4973	4973
10	3	4974	4974
6	3	4974	5225
12	6	4974	4974
4	1	4975	5212
5	4	4975	5560
9	4	4975	5205
10	4	4975	5563
6	2	4977	4977
6	5	4977	5089
7	6	4977	4977
10	6	5029	5032
10	8	5029	5039
10	1	5032	5032
10	3	5032	5039
11	10	5032	5383
10	7	5038	5038
10	5	5039	5263
9	3	5062	5183
9	4	5062	5062
9	7	5062	5062
11	9	5062	5183
12	9	5062	5062
12	7	5069	5069
7	1	5073	5426
9	7	5073	5310
8	5	5076	5076
10	5	5076	5436
11	5	5076	5076
12	8	5076	5076
4	1	5077	5188
7	1	5077	5188
5	3	5078	5078
5	4	5078	5078
12	1	5078	5080
12	5	5078	5078
12	9	5078	5084
12	10	5078	5311
5	2	5081	5555
8	3	5081	5209
12	2	5081	5081
12	3	5081	5087
12	7	5081	5087
12	8	5081	5081
8	1	5084	5096
8	2	5084	5088
11	8	5084	5088
3	1	5085	5556
9	3	5085	6149
2	1	5087	5205
5	2	5087	5451
10	2	5087	5446
11	2	5087	5087
4	2	5087	5087
6	4	5087	5208
12	4	5087	5087
12	5	5087	5311
12	11	5087	5429
11	3	5088	5088
5	3	5089	5317
7	5	5089	5089
11	5	5089	5206
9	6	5089	5211
8	5	5093	5093
12	5	5093	5317
11	10	5093	5093
8	5	5094	5320
8	7	5094	5438
8	2	5096	5096
8	6	5096	5792
12	11	5096	5333
10	1	5152	5152
10	9	5152	5152
9	8	5183	5657
2	1	5188	5188
11	7	5189	5189
5	1	5192	5308
6	1	5192	5308
9	1	5192	5308
12	1	5200	5311
7	3	5204	5204
6	2	5205	5205
9	2	5205	5213
8	3	5205	5556
4	3	5205	5205
5	4	5206	5317
8	2	5207	5211
11	6	5207	5207
12	6	5207	5207
7	4	5208	5208
12	4	5208	5208
11	7	5208	5563
10	8	5209	5322
11	2	5211	5213
12	2	5211	5211
4	2	5211	5211
7	6	5211	5211
4	2	5213	5446
7	4	5214	5214
8	4	5214	5214
11	4	5214	5214
12	4	5214	5214
9	4	5217	5217
6	1	5217	5224
2	1	5218	5222
3	2	5218	5218
6	5	5221	5804
6	2	5222	5222
7	6	5224	5449
10	6	5224	5449
12	6	5224	6044
6	2	5225	5225
6	4	5225	5225
10	2	5263	5263
10	6	5263	5386
10	3	5267	5267
10	4	5267	5383
12	10	5267	5267
9	2	5296	5657
9	5	5296	5413
9	6	5296	5538
10	1	5308	6480
4	1	5310	6707
7	1	5310	5543
8	1	5310	5543
12	1	5310	5661
7	3	5310	5783
12	9	5311	5311
12	3	5313	5429
12	4	5313	5429
12	7	5313	5429
7	5	5317	5317
5	1	5320	5438
8	4	5320	5674
12	8	5320	6953
3	2	5322	5438
11	3	5322	5322
8	1	5322	5322
11	8	5322	5438
11	10	5326	5326
4	1	5330	5680
4	2	5330	5330
6	4	5330	5330
11	4	5330	5330
11	2	5333	5339
9	2	5335	5574
11	4	5336	5336
11	8	5336	5452
11	10	5336	5336
8	6	5338	5449
9	6	5338	5449
11	1	5339	5339
11	5	5339	5916
10	8	5383	5383
10	2	5386	5503
10	5	5386	6214
9	3	5415	5775
9	4	5415	5775
9	7	5415	5775
11	9	5415	5657
12	9	5415	5775
7	4	5426	5783
11	7	5426	6249
12	7	5426	6249
2	1	5427	6254
11	1	5427	5427
12	8	5429	5429
12	1	5432	6022
12	2	5432	5432
12	6	5432	5432
12	9	5432	6260
12	10	5432	6022
6	5	5436	5436
8	5	5436	5436
9	5	5436	5436
10	3	5438	6717
5	4	5438	5911
7	5	5438	5438
11	5	5438	5555
12	5	5438	5911
9	8	5438	5558
4	3	5441	5441
8	3	5441	5441
9	4	5444	5560
8	2	5446	5446
12	2	5446	5446
6	1	5449	5571
2	1	5451	5574
3	2	5451	5925
6	3	5451	5451
11	6	5452	5563
10	1	5503	6093
10	9	5503	6214
10	9	5538	5538
7	2	5544	6021
7	6	5544	6363
12	5	5549	6260
5	3	5555	5789
8	1	5558	5558
8	5	5558	6031
10	8	5558	5558
7	4	5560	5560
8	4	5560	8419
4	3	5563	6036
11	4	5563	5563
12	4	5563	6507
11	9	5563	5681
11	1	5565	5681
11	3	5565	5565
11	10	5565	5681
6	4	5567	5567
11	6	5567	5567
8	6	5571	5571
6	2	5574	5925
10	2	5574	5574
11	2	5574	5574
12	2	5574	5574
5	1	5661	6480
9	1	5661	7312
12	3	5665	5665
12	4	5665	5665
12	7	5665	5665
8	7	5666	5783
6	5	5671	6266
10	5	5671	5671
8	7	5674	5792
11	8	5674	6722
11	3	5678	5795
11	6	5683	6034
12	11	5683	5800
8	2	5691	6164
10	6	5737	6093
9	1	5773	6388
9	5	5773	6142
10	9	5773	6145
11	9	5775	5775
12	6	5783	5905
7	5	5789	5789
8	5	5789	6835
8	2	5792	6385
3	2	5795	5912
7	3	5795	7083
5	4	5796	5796
9	4	5796	5796
11	3	5800	6273
11	7	5800	6156
11	8	5800	6390
6	3	5804	6278
6	4	5804	5804
7	6	5804	6044
10	6	5804	5804
4	2	5807	5807
5	2	5807	5807
7	1	5900	6137
7	5	5900	6137
9	3	5900	5900
9	4	5900	5900
9	8	5900	5900
11	9	5900	6018
12	9	5900	5900
9	6	5904	6149
9	5	5911	6608
3	1	5912	6486
5	3	5912	6261
8	3	5912	6149
6	4	5914	6153
8	3	5914	5914
11	1	5916	5916
11	2	5916	6273
11	10	5916	5916
6	2	5922	5922
11	6	5922	6278
2	1	5925	6630
12	2	5925	6518
10	2	5976	6214
3	1	6017	6017
7	1	6017	6017
8	1	6017	6591
9	7	6018	6018
10	7	6021	6021
10	5	6028	6028
8	4	6031	6148
12	3	6033	6033
11	4	6034	6034
4	1	6036	6270
10	4	6036	6036
6	1	6044	6627
8	6	6044	6044
9	6	6044	6515
10	2	6047	6630
9	7	6137	6363
12	2	6139	6139
12	4	6139	6602
12	11	6139	6488
9	4	6142	6149
5	1	6145	6494
9	2	6145	6149
8	6	6148	6385
8	7	6148	6385
11	3	6149	6375
12	9	6149	6516
7	4	6153	6270
12	11	6156	6273
10	6	6161	6399
4	2	6164	6281
5	2	6164	6630
9	2	6164	6630
7	3	6249	6590
6	1	6254	6254
12	6	6260	6376
5	2	6266	6494
5	3	6266	6266
8	1	6269	6838
9	8	6269	6497
11	9	6273	6627
9	3	6276	6388
9	7	6276	6276
9	8	6276	6510
11	9	6276	6276
6	4	6278	6278
6	2	6281	6630
10	3	6330	6667
10	4	6330	6783
10	8	6330	7388
11	10	6330	6442
12	10	6330	6783
7	2	6363	6363
8	7	6363	6363
3	1	6366	6591
7	1	6366	6480
12	3	6375	6375
12	8	6376	6602
10	5	6382	6494
9	5	6388	6388
11	1	6390	6511
4	2	6391	6507
10	4	6391	6619
6	2	6399	6515
6	5	6399	6852
8	6	6399	6515
12	6	6399	6399
7	2	6402	6630
10	6	6442	6442
10	7	6474	6474
3	2	6486	7207
6	3	6486	6963
12	7	6488	7067
8	4	6497	8297
10	8	6497	6497
9	2	6506	6506
9	4	6506	6649
9	4	6507	6733
11	10	6511	6853
7	6	6515	6968
9	1	6522	7717
9	5	6522	6522
9	6	6522	6522
10	5	6556	6898
10	7	6556	6667
11	1	6591	6591
12	1	6591	6707
5	3	6602	6717
8	3	6602	7083
9	3	6602	6602
5	3	6608	6608
5	4	6608	6719
11	5	6608	6835
12	5	6608	6719
8	3	6611	6611
4	1	6619	6733
5	4	6619	6619
6	3	6627	6627
11	3	6627	6627
11	5	6627	6853
11	6	6627	6853
10	1	6667	6898
7	6	6705	9248
12	7	6705	6828
12	10	6713	7067
11	3	6717	6840
11	4	6733	6733
11	4	6739	6739
11	8	6739	6739
12	11	6739	6853
11	10	6783	7144
5	1	6822	7068
6	5	6835	6835
7	5	6835	6835
12	4	6844	6844
11	7	6853	6853
10	2	6898	7021
10	9	6898	6898
5	1	6950	7073
10	8	6953	6953
3	1	6963	6963
12	3	6963	6963
9	5	7003	7003
12	9	7003	7003
10	3	7021	7144
10	6	7021	7021
10	7	7021	7021
12	5	7067	7067
4	3	7083	7083
3	2	7086	7332
10	4	7144	7144
12	10	7144	7144
7	5	7195	7195
12	7	7195	7195
6	3	7206	7695
9	5	7243	7483
6	5	7316	7316
7	5	7316	7316
7	6	7329	7329
5	1	7434	7552
6	3	7447	7447
12	10	7510	8242
12	7	7556	7674
12	10	7556	9370
5	1	7562	7562
12	7	7563	7812
6	2	7573	7573
6	2	7576	8193
9	1	7680	8542
3	2	7700	7700
12	1	7802	7802
5	4	7808	8057
8	5	7808	8057
8	5	7811	8060
7	6	7813	10357
7	3	7824	7824
7	1	7926	7926
3	2	7944	8922
6	1	8043	8043
5	4	8058	8058
6	1	8066	8066
6	3	8066	8066
2	1	8069	8069
12	1	8165	8165
12	7	8165	8413
6	5	8171	8171
7	5	8171	8171
12	7	8174	8777
6	3	8186	8186
5	1	8291	8658
5	1	8294	8294
9	5	8294	8294
7	1	8297	9866
7	3	8297	8425
10	7	8367	8367
10	5	8419	8419
12	5	8419	8419
6	2	8427	8427
6	5	8427	8552
5	2	8430	8430
9	5	8533	9240
12	1	8536	9733
3	1	8553	8553
3	2	8553	8553
12	10	8618	8734
5	1	8670	8670
10	7	8734	8734
7	1	8773	9248
12	1	8773	9248
12	7	8780	9139
8	4	8789	9025
8	4	8795	9857
6	3	8796	8796
6	2	8803	8803
6	3	8803	8803
10	1	8894	9255
7	3	8900	9131
9	5	8901	9620
3	2	8912	9030
7	3	8912	8912
10	1	8977	8977
12	10	8977	10657
5	3	9030	9030
10	7	9138	9138
12	7	9138	9487
6	1	9155	9155
6	3	9155	9396
6	2	9158	9165
3	2	9165	9399
10	7	9211	9211
8	4	9266	9742
12	5	9377	9377
3	2	9387	9387
7	3	9487	9487
12	7	9487	9726
7	1	9492	10103
12	1	9492	10103
7	6	9494	9979
10	1	9568	10547
6	3	9626	9872
3	2	9629	9629
9	1	9730	9730
12	10	9733	11377
10	1	9738	9738
10	7	9749	10112
12	7	9866	9866
3	2	9878	9878
6	3	9878	9998
6	1	9983	9983
7	3	9986	9986
7	3	9991	9998
6	1	9999	9999
11	9	10089	10089
12	11	10095	10689
8	4	10114	10234
8	4	10119	10236
6	2	10127	10127
11	9	10212	10575
9	1	10222	10229
11	1	10229	10229
11	9	10232	10232
12	11	10232	10478
3	2	10242	11059
6	3	10244	10244
6	2	10247	10247
9	7	10325	11154
7	3	10366	10716
3	2	10367	10493
9	7	10464	10923
11	7	10464	11865
8	4	10475	11888
6	3	10476	10476
12	7	10576	11643
6	3	10608	10842
10	7	10657	10657
12	7	10693	10802
8	4	10712	12477
11	7	10720	12478
11	9	10720	10948
12	9	10807	10807
12	11	10830	11291
12	11	10921	11143
3	2	10957	12270
12	10	11006	12552
12	7	11034	11254
11	9	11044	11154
10	7	11143	11143
6	3	11168	11168
11	10	11240	11460
9	7	11266	11983
11	9	11291	11291
3	2	11402	11530
9	7	11495	12093
12	11	11500	12095
12	10	11504	11509
11	10	11511	11634
10	7	11583	11583
11	9	11634	11634
12	11	11634	11634
11	9	11737	12093
11	10	11829	12304
12	10	11842	11842
12	11	11883	12355
3	2	11901	11901
10	7	11955	11955
11	7	11989	12230
12	7	11989	12105
9	7	12109	12355
6	3	12123	12123
12	7	12220	12220
8	4	12259	12592
6	3	12267	12267
6	2	12270	12270
11	9	12343	12349
12	9	12362	12612
12	7	12612	13322
12	9	12685	12685
8	4	12721	12995
8	4	12729	14186
7	6	12737	12737
7	6	12747	12747
12	7	12747	12747
3	2	12752	12752
6	3	12851	13375
6	3	12883	12883
9	2	12938	12938
3	2	12986	13121
7	2	13105	13105
7	6	13105	13105
12	7	13105	13701
7	3	13131	13131
9	7	13220	13220
7	2	13252	13252
12	2	13252	13252
3	2	13367	13482
8	4	13367	14071
9	2	13378	13378
7	6	13457	13828
6	3	13482	13482
12	7	13566	13566
7	6	13616	14085
3	2	13736	13968
11	9	13931	14056
6	3	13963	13963
7	6	13967	14087
12	11	14077	14198
9	4	14191	14325
9	8	14191	14325
3	2	14204	14204
7	3	14333	14333
8	4	14333	14831
11	9	14335	14455
12	11	14335	14335
9	1	14438	14438
11	9	14438	14556
12	9	14443	14456
12	11	14443	14450
8	4	14448	14587
7	6	14467	14712
6	3	14470	14470
6	3	14474	14474
12	7	14576	14576
9	7	14578	14578
12	7	14585	14585
12	11	14696	16593
12	11	14701	14701
9	4	14707	14707
9	8	14710	14710
7	6	14715	14715
3	2	14718	14718
7	2	14718	14718
12	7	14719	14719
11	9	14796	15030
12	2	14819	14819
12	7	14819	14819
9	1	14834	14959
11	1	14834	14959
11	9	14835	14953
3	2	14840	14840
12	11	14946	16884
7	2	14956	14956
7	6	14956	15200
7	6	14968	15206
3	2	14971	14971
8	4	15076	15210
2	1	15086	15086
12	9	15152	15152
8	4	15198	15198
6	3	15213	15835
3	2	15216	15594
3	2	15225	15225
11	9	15324	15324
8	4	15332	15453
11	9	15386	15735
12	7	15437	15554
8	4	15461	15833
3	2	15462	15597
7	6	15462	15462
6	2	15464	15464
11	9	15568	16307
7	6	15717	15717
7	3	15818	15818
7	6	15818	15818
8	4	15820	15820
6	3	15839	16438
9	6	15960	15960
3	2	15967	16080
12	7	16064	16407
9	7	16076	16076
11	9	16076	16191
8	4	16082	17136
7	6	16176	16176
12	9	16191	16314
8	4	16203	17124
6	3	16205	16567
12	9	16252	17086
9	7	16291	17215
7	6	16333	16333
9	7	16437	16803
11	9	16659	16659
12	9	16681	16921
7	6	16692	17254
7	6	16738	16860
7	3	16745	17215
6	3	16888	16888
6	3	16919	17373
10	9	16921	16921
12	7	16955	16955
12	11	16955	16955
9	6	17049	17049
12	10	17081	17328
10	7	17093	17093
12	11	17200	17200
12	7	17215	17215
7	3	17349	17349
12	7	17437	17437
6	3	17484	17484
12	7	17598	17598
12	10	17792	18259
10	9	17799	17799
10	7	17816	17816
7	3	18167	18167
10	7	18167	18167
11	2	18301	18301
3	2	18338	18338
7	2	18338	18338
10	7	18487	18487
10	7	18525	18532
7	2	18682	18682
10	7	19396	19396
10	7	19646	19646
10	7	19705	19705
10	7	20139	20139
10	7	21327	21327
11	1	21956	22547
11	1	22075	22075
11	1	22313	22431
10	7	23032	23143
7	2	23399	23399
10	7	24894	25007
10	7	26434	26434
10	7	27059	27171
10	7	27840	27840
10	7	27873	27873
10	7	28708	28828
10	7	28911	28911
10	7	29381	29381
10	7	29990	30339
10	7	30818	30818
10	7	32139	32139
10	7	32680	32680
10	7	33134	33134
10	7	33724	33849
10	7	34415	34535
10	7	34743	34743
10	7	34780	34780
10	7	35186	35439
10	7	35341	35473
10	7	35833	35833
10	7	36163	36163
10	7	36190	36317
10	7	36823	36823
10	7	37179	37179
10	7	37411	37411
10	7	37622	37739
10	7	37658	37658
10	7	38025	38025
10	7	38382	38507
10	7	38642	38642
10	7	38712	38950
10	7	39085	39085
10	7	39361	39368
10	7	39624	39853
10	7	39977	39977
10	7	40296	40420
10	7	40351	40834
10	7	41081	41081
10	7	41277	41277
10	7	41456	41580
10	7	41646	42023
10	7	42154	42392
10	7	42597	42597
10	7	42842	42952
10	7	42892	43019
10	7	43462	43715
10	7	43624	43624
10	7	43982	44695
10	7	44067	44310
10	7	44655	44655
10	7	45017	45017
10	7	45073	45073
10	7	45330	45337
10	7	45381	45381
10	7	45766	45773
10	7	45948	45948
10	7	46214	46214
10	7	46405	46405
10	7	46586	46586
10	7	46657	47280
10	7	47090	47338
10	7	47659	48026
10	7	47705	47953
10	7	48155	48518
10	7	48316	48427
10	7	48569	48825
10	7	48643	48643
10	7	49147	49522
10	7	49305	49305
10	7	49670	49670
10	7	50036	50408
10	7	50479	51096
10	7	51024	51863
10	7	51467	51700
10	7	52181	52431
10	7	52347	52706
10	7	52903	53624
10	7	52950	52950
10	7	53294	53294
10	7	53784	53899
10	7	53871	53871
10	7	54278	55232
10	7	54342	54342
10	7	54593	54593
10	7	54845	54845
10	7	55675	55675
10	7	55716	55716
10	7	56308	56315
10	7	56521	56751
10	7	56802	57176
10	7	57364	57489
10	7	57661	57661
10	7	57752	57752
10	7	58027	58388
10	7	58587	58831
10	7	58743	58743
10	7	59117	59352
10	7	59186	59186
10	7	59449	59560
10	7	59720	59957
10	7	60313	60769
10	7	60984	61212
10	7	61833	62418
10	7	62633	62633
10	7	62865	64025
10	7	63198	63761
10	7	64106	64106
10	7	64392	64512
10	7	65099	65471
10	7	65296	65670
10	7	65976	66701
10	7	66174	66174
10	7	66303	66903
10	7	67066	67189
10	7	67269	67269
10	7	67318	67550
10	7	67639	67761
10	7	67887	68226
10	7	68330	68560
10	7	68950	69070
10	7	69318	69318
10	7	69393	69520
10	7	69676	69676
10	7	70145	70602
10	7	70228	70228
10	7	70588	70700
10	7	70959	71207
10	7	71045	71045
10	7	71339	72417
10	7	71789	71789
10	7	72363	72363
10	7	72604	72611
10	7	72782	72782
10	7	73132	73257
10	7	73387	73387
10	7	73707	73707
7	3	73752	73752
10	7	73752	73752
10	7	74001	74373
10	7	74202	74202
10	7	74816	74823
10	7	75196	75196
10	7	75251	75251
10	7	75573	75573
10	7	75822	75822
10	7	76081	76679
10	7	76126	76457
7	6	76579	76579
9	7	76579	76579
7	6	76754	76754
9	6	76754	76754
7	6	77034	77162
10	7	77034	77162
9	6	77085	77085
10	7	77242	77361
7	6	77317	77662
7	6	77553	77553
10	7	77553	78040
10	7	77612	77612
7	6	77914	78033
7	6	77925	78049
10	7	77996	77996
7	3	78174	78174
7	6	78416	78542
10	7	78490	78617
7	6	78880	79244
10	7	79006	79258
7	6	79382	79872
7	6	79382	79613
10	7	79694	79701
7	6	79848	80223
12	6	80213	80213
12	7	80213	80693
12	10	80213	86631
10	7	80216	80605
7	6	80355	80483
12	7	80355	83247
10	7	80652	80652
10	7	80680	80680
7	6	80714	80714
7	6	80726	81311
10	6	80926	81055
12	10	81048	100179
12	7	81158	81158
10	7	81311	81311
12	7	81399	81883
7	6	81591	81717
10	7	81641	81641
10	7	81987	81987
10	7	82520	82520
10	7	82596	82845
12	7	82623	82623
10	7	82772	82893
12	7	82977	83220
9	1	82993	83982
10	7	83088	83088
10	9	83215	83215
10	7	83336	83449
7	3	83362	83362
10	7	83362	83497
12	3	83471	83471
9	1	83490	85059
12	7	83497	87016
12	7	83603	84062
7	3	83741	83996
6	3	83875	83875
10	7	83933	83933
7	6	84112	84112
7	6	84118	84118
10	7	84184	84184
9	1	84237	84616
6	3	84258	84258
7	3	84374	84374
12	7	84422	86990
10	3	84439	84664
10	7	84439	84439
10	7	84459	84578
10	1	84588	84588
12	1	84588	84588
7	3	84692	85492
8	4	84719	84957
8	4	84732	86466
10	7	84931	84931
7	3	84954	84954
9	1	84987	86315
10	1	85250	85250
10	7	85271	85271
8	4	85429	86584
9	1	85526	86799
10	7	85602	85602
7	3	85643	85754
12	5	85935	85935
9	5	85972	86315
7	3	86086	86674
10	7	86163	86529
10	7	86323	86323
5	1	86341	86341
9	5	86341	86700
7	3	86348	86936
10	7	86787	86901
5	1	86799	88242
10	1	86799	86799
5	1	86818	87169
8	4	86930	87285
12	10	86990	87109
8	4	87166	87166
10	7	87230	87571
12	10	87250	92663
10	7	87379	87386
12	7	87393	88721
5	1	87511	89807
7	3	87520	87520
7	3	87522	87641
8	4	87748	87755
8	4	87758	87884
7	3	87782	87782
10	7	87875	87875
12	7	87982	88217
8	4	88006	88013
10	7	88082	88082
7	3	88125	88125
10	7	88252	88602
7	3	88387	88387
8	4	88498	88498
12	7	88578	88578
7	3	88602	89071
5	1	88619	89796
9	8	88742	89118
8	4	88745	88872
10	7	88848	88848
12	7	88920	88920
12	7	89071	89783
8	4	89107	90281
7	3	89221	89221
8	4	89229	89579
10	7	89312	89783
12	1	89326	89326
9	1	89349	89822
9	5	89349	89945
9	8	89457	89457
10	1	89514	89514
10	7	89514	89633
7	3	89574	89574
7	3	89661	90637
9	5	89807	91009
7	5	89897	89897
9	1	89906	90264
9	1	89966	90219
9	5	89966	90699
10	7	89982	90226
10	7	90026	90147
8	4	90049	90281
12	7	90110	90110
5	1	90156	90156
7	3	90281	90281
12	7	90380	91010
9	1	90393	90393
9	1	90462	90462
10	7	90514	90889
8	4	90517	91985
10	5	90590	90590
12	7	90619	91210
8	4	90632	92100
7	6	90637	90637
5	1	90642	90875
9	1	90747	90881
7	3	90769	90776
7	6	90775	90886
10	1	90874	90874
5	1	90881	90881
10	7	90957	90957
6	3	91008	91008
7	6	91010	91119
9	7	91010	91010
9	3	91047	91047
7	3	91119	91480
10	1	91129	91129
10	7	91230	91230
7	6	91390	91638
12	7	91449	92179
7	6	91487	91605
10	7	91605	92682
12	7	91605	92202
6	3	91638	91638
7	3	91719	91842
6	3	91742	91742
10	5	91923	91923
10	7	91923	92048
6	3	91985	91985
7	6	92085	92682
10	3	92162	92162
7	3	92202	92682
6	3	92231	92231
7	6	92233	92233
8	4	92339	95185
8	4	92340	92340
7	3	92347	92464
6	3	92347	92830
10	7	92412	93873
6	3	92711	92944
12	10	92794	95415
7	3	92823	93312
9	3	92823	92823
7	6	93050	93183
10	7	93050	93311
7	3	93057	93057
8	4	93059	95070
9	3	93098	93602
6	3	93189	93685
12	7	93272	93272
6	3	93319	93319
7	6	93437	93678
7	3	93542	93915
12	7	93542	94572
10	3	93626	93626
12	7	93645	93645
10	7	93669	93793
6	3	93692	93804
11	9	93732	94195
12	11	93772	93772
6	3	93939	94670
7	6	93939	93939
12	7	94013	94288
9	3	94055	94423
10	3	94112	94485
12	11	94148	94148
10	7	94154	94161
11	9	94161	94529
11	10	94161	94283
6	3	94177	94304
10	7	94236	94597
7	6	94283	94283
12	11	94283	94529
7	3	94290	94418
10	7	94418	94551
7	6	94421	94421
11	1	94528	94785
12	7	94537	94908
11	10	94604	94994
9	1	94667	95117
7	3	94680	94680
7	6	94691	94691
10	7	94733	95015
7	3	94807	94807
10	3	94813	94813
7	6	94918	94918
10	7	94923	94923
12	7	94923	95799
7	6	94930	95057
11	10	95015	95250
6	3	95046	95551
7	3	95057	95547
9	1	95058	95290
10	3	95069	95069
10	3	95134	95366
6	3	95185	95319
7	6	95186	95186
12	7	95270	95270
12	7	95291	95291
10	7	95366	95373
7	6	95414	95414
8	4	95543	96160
9	1	95545	95928
8	4	95555	96889
10	3	95621	95990
12	7	95656	96251
12	10	95663	95997
7	3	95676	96783
7	3	95685	95933
10	7	95742	96128
7	6	95799	96267
10	7	95799	96043
7	6	96042	96189
6	3	96061	96061
12	7	96154	96391
9	1	96168	96410
6	3	96175	96189
8	4	96181	98584
7	3	96267	97723
9	1	96300	96300
12	3	96367	96367
12	10	96367	99005
10	3	96369	96369
10	7	96376	96486
6	3	96416	96653
10	7	96514	97476
7	6	96554	96561
6	3	96561	96782
12	7	96616	96616
9	1	96634	96758
7	6	96763	97135
10	3	96834	97206
12	7	96886	96886
10	7	96957	97578
9	1	96996	96996
7	3	97148	98457
9	1	97253	97502
8	4	97261	99399
7	6	97265	97514
12	7	97330	97330
10	3	97571	98043
12	7	97576	97925
7	6	97600	98077
12	7	97600	97600
9	1	97611	98223
6	3	97642	97642
10	9	97697	97697
10	7	97846	99024
7	6	97882	97882
9	1	97967	99877
10	7	98043	98043
12	7	98077	98077
10	7	98289	98289
12	7	98289	98289
9	1	98457	98457
6	3	98467	98467
12	7	98559	98559
10	7	98638	98638
6	3	98823	99061
12	7	98870	98870
9	1	98926	99633
8	4	98930	99760
12	7	99005	99005
7	3	99147	99147
10	7	99275	99275
10	3	99344	99344
10	7	99344	99953
7	3	99384	99876
12	7	99384	99384
12	10	99466	99466
12	7	99480	99480
10	9	99583	99583
12	10	99599	99733
8	4	99645	102325
6	3	99652	99652
10	9	99718	99718
12	7	99719	99855
10	7	99736	99736
12	7	99743	99743
7	6	99775	99775
10	7	99869	99869
6	3	99903	99903
10	7	99996	99996
8	4	100004	100363
7	3	100012	100012
12	10	100095	101913
12	11	100223	100574
11	9	100243	100498
10	7	100244	100972
6	3	100250	100378
12	10	100312	105815
6	3	100387	100506
10	7	100439	100446
11	9	100478	100821
7	3	100493	100493
7	6	100497	100497
12	7	100574	101428
8	4	100609	101592
12	11	100704	100704
10	7	100808	101903
11	10	100821	100821
12	7	100844	101091
11	9	100966	101705
7	3	100972	102183
7	6	100972	101340
7	6	100993	101600
11	10	101060	101060
11	10	101164	103560
11	9	101176	101300
7	3	101234	101234
10	7	101333	101333
6	3	101478	101478
11	10	101545	101545
12	7	101587	102767
6	3	101600	101600
11	9	101666	101913
12	11	101788	101788
10	7	101820	101820
9	4	101938	102418
9	8	101938	102418
9	7	101943	101943
8	4	101953	101953
7	3	101960	102445
11	10	102022	102272
12	7	102139	102616
10	7	102183	102416
8	4	102207	102440
12	10	102259	105103
10	7	102263	102385
9	8	102318	102681
12	11	102372	102497
9	4	102440	102803
11	10	102518	102871
7	3	102529	102642
10	9	102625	102625
8	4	102678	103387
8	4	102681	103265
9	7	102767	102767
7	3	102791	103029
10	7	102851	102851
12	7	102974	103086
7	3	103001	103001
10	7	103125	103356
12	7	103125	103125
7	3	103244	103846
7	3	103380	103387
9	3	103380	103380
10	7	103443	103560
10	9	103443	103443
12	7	103699	103933
12	7	103727	103727
8	4	103738	104466
7	3	103744	104115
8	4	103854	104351
10	7	103969	103969
10	7	104288	104755
7	3	104313	104889
10	7	104313	105008
12	7	104313	104655
12	7	104385	104738
11	9	104543	104914
12	11	104619	104738
8	4	104811	104921
8	4	104823	104933
11	9	104871	105490
12	11	104871	105249
12	7	105008	105256
10	7	105097	105698
12	7	105103	105103
7	3	105132	105734
11	10	105242	105242
8	4	105262	107236
8	4	105275	105752
11	9	105283	105283
10	3	105338	105698
11	9	105421	105890
11	10	105450	106527
11	10	105490	105614
7	3	105518	105518
10	7	105608	105734
10	9	105698	105698
11	9	105752	106109
7	3	105996	105996
10	7	106085	106217
8	4	106109	107092
11	10	106116	106116
10	7	106176	106302
7	3	106343	106479
11	10	106378	106856
10	7	106472	106493
7	3	106617	106994
10	3	106785	106785
11	10	106792	107180
10	7	106863	106863
10	7	106914	107305
7	3	107000	107125
8	4	107113	107358
10	7	107120	107120
7	3	107249	107249
11	7	107495	107495
10	7	107562	107684
11	10	107562	108290
7	3	107629	107629
11	10	107683	107795
7	3	107728	108120
10	7	107848	107848
10	7	107937	108417
7	3	108110	108110
10	7	108358	108953
7	3	108375	108620
10	3	108800	108800
10	7	109044	109395
10	7	109182	109307
10	7	109624	109974
10	7	110038	110652
10	7	110226	110226
10	7	110604	111462
10	7	111027	111027
10	7	111386	112203
10	7	111718	112645
10	7	112546	112922
10	7	112988	112988
10	7	113238	113364
10	7	113285	114679
10	7	113727	114300
10	7	114765	115121
10	7	114932	114932
10	7	115178	115546
10	7	115743	115743
10	7	115790	115790
10	7	115988	116104
10	7	116133	116133
10	7	116453	116453
10	7	116519	118066
10	7	116708	117339
10	7	117921	118745
10	7	118310	118539
10	7	119094	119094
10	7	119122	119616
10	7	119453	119564
10	7	119863	119863
10	7	120058	120058
10	7	120220	121266
10	7	120433	121476
10	7	121607	121738
10	7	121819	121939
10	7	122099	122113
10	7	122187	122541
10	7	122242	122361
10	7	122715	122946
10	7	122803	123030
10	7	123299	123655
10	7	123622	124478
10	7	123903	123903
10	7	124036	124267
10	7	124753	124867
10	7	124955	124955
10	7	125126	125126
10	7	125431	125431
10	7	125476	125476
10	7	125568	125679
10	7	126284	126284
10	7	126325	126325
10	7	126640	126640
10	7	126670	127373
10	7	127747	127859
10	7	127935	128070
10	7	128333	129154
10	7	128548	128548
10	7	128884	129113
10	7	129400	129649
10	7	129596	129596
10	7	129977	130091
10	7	130015	130015
10	7	130245	130376
10	7	130457	130687
10	7	130936	130936
10	7	130993	131228
10	7	131428	131428
10	7	131587	131817
10	7	131790	131903
10	7	132301	132301
10	7	132488	132488
10	7	132864	133216
10	7	133668	133668
10	7	133694	134176
10	7	134023	134023
10	7	134737	134744
10	7	134910	137042
10	7	135102	135102
10	7	136059	136059
10	7	136409	136409
10	7	136869	136869
10	7	137414	137414
10	7	137484	137484
10	7	137736	137743
10	7	137886	138005
10	7	138074	138074
10	7	138328	138794
10	7	138352	138352
10	7	138971	138971
10	7	139277	139531
10	7	139947	140414
10	7	140134	140141
10	7	140741	140856
10	7	140770	140770
10	7	140907	141032
10	7	141335	141474
10	7	141403	141403
10	7	141424	141682
10	7	142043	142285
10	7	142117	143339
10	7	142541	143026
10	7	143382	144204
10	7	143824	144057
10	7	144417	144535
10	7	145278	146008
10	7	145484	146324
10	7	146366	147107
10	7	146808	146808
10	7	147064	147173
10	7	147586	147695
10	7	147672	147784
10	7	148026	148026
10	7	148137	148137
10	7	148384	148384
10	7	148468	148468
10	7	148717	149059
10	7	148733	148740
10	7	149106	149240
10	7	149310	149429
10	7	149733	149961
10	7	150103	150213
10	7	150291	150291
10	7	150538	150538
10	7	150582	150596
10	7	150902	150902
10	7	151213	151213
10	7	151403	151779
10	7	151471	151711
10	7	152077	152077
10	7	152519	152762
10	7	152808	152808
10	7	152933	153053
10	7	153122	153264
10	7	153659	154148
10	7	154101	154836
10	7	154751	154751
10	7	155100	155100
10	7	155238	155238
10	7	155303	155303
10	7	155673	156301
10	7	155852	156083
10	7	156648	157246
10	7	156677	156927
10	7	157503	158104
10	7	157945	157945
10	7	158301	158786
10	7	158469	159643
10	7	159257	159371
10	7	159734	159734
7	3	160018	160018
10	7	160085	160085
7	3	160287	160287
10	7	160583	160590
10	7	160985	160992
9	7	161332	161332
10	7	161606	161606
10	7	161926	161926
10	7	162279	162279
7	6	162429	162443
10	7	162443	162443
6	3	162586	162586
10	7	162804	162923
7	6	162834	162834
10	7	162871	162871
7	6	162923	162923
8	4	162934	170560
8	4	162938	165589
10	7	163010	163010
7	6	163071	163071
7	3	163151	163151
7	6	163151	164604
6	3	163196	163906
7	6	163551	163779
10	7	163593	163593
10	7	163655	163655
7	6	163920	163920
6	3	164043	164752
7	3	164124	164124
10	7	164207	164207
6	3	164257	164257
7	6	164393	164868
10	7	164482	164482
6	3	164502	164502
10	7	164559	164566
6	3	164993	165351
10	7	165046	165046
10	7	165211	165211
10	7	165404	165404
7	6	165442	166179
10	7	165653	166502
10	7	165818	165818
7	3	165832	165832
8	4	165941	171038
10	7	166179	166179
7	3	166307	169711
7	6	166320	166320
7	6	166544	166544
10	7	166657	166671
10	7	166756	166756
10	3	166876	166876
7	3	166919	166919
10	3	166926	167063
7	6	166942	166942
7	6	167054	167672
7	3	167056	167810
10	7	167181	167416
10	3	167236	168114
6	3	167422	167429
10	6	167422	167429
10	7	167496	167496
10	3	167555	167555
10	6	167858	167858
7	6	167921	168044
10	3	167927	168531
10	7	167990	168114
7	3	168046	169609
7	6	168153	168153
7	2	168179	168179
10	2	168179	168179
10	7	168269	168517
7	2	168276	168283
3	2	168303	168664
10	7	168595	169192
7	2	168664	168664
10	3	168718	169431
10	7	168878	168878
3	2	168899	168899
10	3	168899	169012
7	2	168907	168907
10	2	169320	169320
10	3	169367	169487
3	2	169381	169381
10	7	169547	170153
7	6	169598	169711
10	3	169789	169789
10	7	169837	170540
7	3	169973	170449
10	3	169973	169973
7	6	170098	170098
3	2	170101	170468
10	3	170153	170279
3	2	170208	170208
10	3	170449	170449
8	4	170802	171490
10	7	170860	171093
3	2	170913	171022
12	10	170952	176356
3	2	171049	171282
7	2	171049	171049
10	7	171102	172422
12	7	171102	171222
8	4	171380	172802
10	7	171434	171664
3	2	171484	171722
12	7	171574	171808
12	10	171780	174162
8	4	171836	185358
3	2	171969	172686
10	7	172016	172141
12	7	172030	172030
12	7	172182	172189
7	3	172422	172422
3	2	172451	172684
10	7	172497	172624
7	2	172544	172544
12	7	172666	172666
10	7	172986	173804
10	7	173021	173847
8	4	173042	174582
3	2	173047	173047
9	2	173175	173175
12	7	173604	174079
7	3	173720	173720
3	1	173971	173971
7	1	173971	173971
10	1	173971	173971
12	1	173971	173971
12	7	174030	174030
10	7	174162	174289
9	1	174340	174467
12	7	174517	174517
12	10	174521	189069
12	7	174529	174529
7	3	174562	174562
10	7	174652	174652
9	1	174705	176170
12	7	174780	174780
7	2	174819	174819
10	2	174819	174819
12	7	174877	174877
7	3	174908	174908
8	4	174920	179909
3	2	174931	175909
9	1	175012	175012
7	2	175030	175030
10	7	175030	175030
12	7	175030	175030
9	1	175154	176735
12	7	175249	175249
7	2	175276	175276
12	7	175285	175285
3	2	175292	175409
6	2	175355	175493
7	6	175355	175355
6	3	175362	175493
10	7	175395	175395
7	3	175416	175416
7	6	175493	175493
10	7	175596	175720
7	6	175628	176253
12	7	175628	176368
12	7	175732	175732
3	2	175781	176264
6	3	175850	176239
7	6	175857	175864
7	3	175877	176133
6	2	176119	176239
6	2	176150	176380
12	7	176218	176218
3	2	176259	177250
6	3	176264	177128
10	7	176319	176319
7	6	176350	176473
9	1	176400	176407
6	3	176473	176473
10	7	176488	176488
3	2	176515	177128
10	7	176575	176575
6	2	176597	176713
12	7	176612	177232
12	7	176709	176709
12	10	176709	179280
7	1	176738	176738
6	3	176831	176831
7	6	176831	176831
7	3	176866	176866
7	6	176866	176866
7	3	176881	177000
6	1	176979	176979
10	7	176986	177838
2	1	176999	176999
6	2	176999	176999
10	9	177061	177061
10	7	177068	177068
7	3	177110	177110
6	2	177187	177424
6	3	177187	177187
7	6	177232	177845
3	2	177372	177613
7	3	177463	177463
3	2	177497	178228
6	2	177497	177741
7	6	177536	177761
10	3	177552	177793
12	7	177575	178782
12	7	177597	179402
6	3	177613	177852
10	3	177613	177613
12	3	177613	177613
10	7	177793	178039
7	3	177845	177845
3	2	178100	179664
7	6	178204	178204
6	2	178221	178221
6	2	178238	178604
6	3	178238	178358
7	6	178238	178238
10	2	178280	178280
10	7	178287	178894
10	7	178326	178326
6	2	178469	178469
7	6	178563	179543
10	7	178688	178799
6	3	178707	178950
3	2	178718	178835
7	6	178850	179099
12	9	178896	178896
6	3	178975	180187
7	3	179045	179416
12	7	179132	179651
3	2	179194	179555
10	7	179241	179487
12	2	179280	179280
7	2	179289	179289
10	7	179289	179409
6	3	179314	179314
6	2	179319	179319
6	2	179336	179336
12	7	179550	180870
7	3	179557	179557
12	10	179651	182756
7	6	179667	180276
10	7	179667	179795
6	3	179671	179671
6	2	179676	180033
7	6	179712	180425
3	2	179797	179920
3	2	179805	180423
7	3	179805	179929
6	3	179929	180309
12	7	180006	180481
8	4	180036	181371
6	2	180064	180071
10	7	180109	180109
10	3	180237	180237
6	2	180418	181036
3	2	180426	181262
6	3	180535	181273
10	7	180603	181186
12	7	180711	181298
7	6	180744	181217
7	6	180774	180781
3	2	180893	182579
6	3	180893	181006
7	3	180981	180981
10	7	180981	180981
6	2	181032	181382
6	3	181243	181590
6	2	181273	181641
12	7	181328	181444
3	2	181389	184763
7	6	181399	181399
7	3	181444	181444
10	7	181444	181823
10	7	181535	181535
7	3	181590	181590
6	2	181612	181612
6	3	181641	182107
7	3	181816	181823
12	7	181816	182056
7	6	181823	182185
12	7	181908	182047
8	4	181948	185589
6	3	181955	182205
7	6	181991	181991
6	2	182100	182100
10	7	182135	182258
10	7	182192	182436
12	7	182192	182787
6	2	182324	182809
7	6	182429	183271
6	2	182443	182923
6	3	182443	183516
7	6	182443	182554
6	3	182454	182579
7	3	182454	182579
12	7	182517	182756
7	3	182670	182670
3	2	182808	184394
6	3	182808	183173
9	4	182869	183815
9	8	182869	183924
12	10	182885	190361
7	6	182923	183049
6	2	182948	182948
7	2	182948	182948
10	2	182948	182948
12	7	183033	183523
7	3	183049	183049
7	3	183155	183155
10	7	183155	183271
9	8	183285	184144
6	2	183288	183646
9	4	183290	184266
6	3	183417	183658
12	7	183494	183494
7	6	183509	183523
6	1	183646	183646
6	3	183646	183646
6	2	183657	183664
7	3	183658	183665
12	7	183742	183742
10	7	183764	184125
7	6	183895	184125
12	7	183895	184740
6	3	183899	183899
6	3	183908	183908
6	1	184013	184013
6	3	184157	184394
7	6	184158	184158
12	7	184345	184345
7	6	184377	185208
6	3	184406	184994
10	7	184454	184942
7	3	184500	184860
7	6	184525	185103
6	2	184643	184643
10	7	184740	184860
3	2	184762	185231
6	2	184874	185238
12	7	185051	185065
12	7	185208	185328
6	3	185231	185470
3	2	185246	185600
6	2	185246	185246
10	7	185321	185321
7	6	185335	185335
9	6	185364	185364
6	1	185365	185372
10	7	185459	185714
12	7	185459	185459
6	3	185504	187242
10	7	185528	185763
3	2	185583	185583
9	3	185613	185613
12	7	185681	186532
6	1	185695	185702
12	7	185714	185842
3	2	185721	186104
6	3	185721	185721
9	3	185869	185989
6	2	185870	186370
7	2	186090	186090
9	6	186104	186224
9	6	186115	186115
6	1	186129	186129
2	1	186209	186443
10	3	186213	186213
3	2	186216	187804
6	2	186216	186338
9	6	186249	186249
12	7	186320	186919
9	3	186338	187428
2	1	186345	186951
9	3	186355	186474
9	1	186362	186362
9	6	186362	186474
6	3	186457	187786
9	6	186500	186619
9	2	186582	186951
9	1	186715	186715
9	3	186722	186846
9	6	186722	187087
6	1	186744	186744
6	2	186744	187242
10	7	186802	186802
6	2	186826	186958
3	2	186832	186832
9	2	186846	187087
12	7	186896	186896
2	1	187052	187533
9	1	187052	187052
9	6	187114	187601
12	7	187173	187301
3	2	187181	187181
2	1	187201	187201
9	2	187201	187433
6	2	187316	187433
12	7	187379	187379
9	3	187455	187574
2	1	187550	187932
6	3	187601	188886
12	7	187615	188357
12	7	187649	188247
3	2	187675	187786
9	6	187701	187701
3	1	187786	187786
9	3	187786	188269
6	2	187797	187797
9	3	187823	187940
10	7	187885	187885
2	1	187891	187891
6	2	187944	189581
3	2	188027	188269
6	3	188027	188875
9	2	188044	188155
9	2	188062	188062
9	6	188062	188062
12	1	188096	188096
10	7	188098	188098
9	6	188163	188163
9	1	188181	189152
12	2	188220	188220
7	6	188275	188282
3	2	188280	189384
10	1	188367	188367
6	2	188396	189258
10	7	188490	188613
3	1	188493	188493
12	7	188593	188593
7	2	188613	188627
9	1	188614	189929
12	7	188627	189695
10	7	188689	188689
3	2	188752	188875
9	3	188752	188882
12	2	188757	188757
10	7	188863	188863
7	6	188886	189007
12	7	188941	189061
7	6	188973	188973
10	2	189055	189055
10	6	189062	189069
6	3	189135	189244
3	2	189235	190672
9	1	189293	189531
12	10	189305	191073
7	6	189324	190519
6	3	189358	189593
12	7	189418	189535
7	2	189450	189450
7	6	189581	190196
6	2	189604	190193
10	7	189695	190297
6	3	189704	189827
3	2	189727	189842
10	7	189766	189766
12	7	189903	190361
6	3	189950	189957
12	7	190051	190410
3	2	190081	190326
6	2	190196	190316
10	7	190247	190493
6	3	190316	190316
12	6	190438	190438
6	3	190559	190672
10	7	190631	190868
6	2	190682	190682
7	3	190754	190754
10	7	190852	190852
10	7	191013	191148
3	2	191041	191262
6	3	191130	191130
3	2	191151	191403
6	3	191151	191165
10	7	191317	191331
3	2	191506	191506
10	7	191511	191635
3	2	191542	191542
3	2	191644	191772
10	7	191715	191840
3	2	191897	192268
10	7	191999	192006
7	2	192134	192134
10	7	192134	192259
10	7	192207	192207
10	2	192441	192441
10	7	192608	192957
10	7	192701	193043
7	2	192758	192758
10	7	193283	193738
10	7	193296	194612
7	2	193415	193415
10	7	194077	194077
10	7	194209	194216
10	7	194555	195164
10	7	194957	195079
10	7	195642	196098
10	7	195901	196262
10	7	196343	196343
10	7	196736	197309
10	7	196827	196827
10	7	197178	198226
10	7	197673	198028
10	7	198389	198857
10	7	198718	199059
10	7	199109	199233
10	7	199425	199544
10	7	199591	199704
10	7	199725	200071
10	7	200033	200146
10	7	200277	200277
10	7	200326	200683
10	7	200520	200645
10	7	200882	200882
10	7	201033	201398
10	7	201631	201631
10	7	201718	201718
10	7	201847	202073
10	7	201991	202965
10	7	202559	203171
10	7	203191	203191
10	7	203436	203436
10	7	203523	203633
10	7	203908	203915
10	7	204279	204401
10	7	204357	205086
10	7	204775	204899
10	7	205254	205254
10	7	205567	205696
10	7	205608	205731
10	7	206050	206050
10	7	206092	206092
10	7	206298	206534
10	7	206583	206709
10	7	207025	207630
10	7	207068	207319
10	7	207567	208512
10	7	207754	208009
10	7	208359	208359
10	7	208954	210637
10	7	209114	209114
10	7	209464	210425
10	7	210981	211452
10	7	211384	211861
10	7	211826	212068
10	7	212209	213181
10	7	212533	212533
10	7	212895	214331
10	7	213536	213536
10	7	214001	214001
10	7	214242	214612
10	7	214572	214572
10	7	214956	216501
10	7	215054	215873
10	7	216216	216326
10	7	216574	216685
10	7	216870	216870
10	7	216943	217074
10	7	217244	217616
10	7	217319	218284
10	7	217968	218327
10	7	218543	219934
10	7	218668	218899
10	7	219263	219263
10	7	219617	219617
10	7	220097	220967
10	7	220304	220532
10	7	220920	221044
10	7	221225	221468
10	7	221402	221534
10	7	221667	221910
10	7	221971	222093
10	7	222413	222535
10	7	222681	223546
10	7	222885	222885
10	7	223251	223480
10	7	223622	224117
10	7	223682	223689
10	7	224367	225221
10	7	224652	224652
10	7	225151	225378
10	7	225593	225593
10	7	225730	226324
10	7	226047	226883
10	7	226796	227628
10	7	227347	227457
10	7	227580	227580
10	7	227947	228437
10	7	227995	227995
10	7	228369	228369
10	7	228732	229234
10	7	228818	228818
10	7	229423	230786
10	7	229745	230344
10	7	231189	231189
10	7	231275	231275
10	7	231631	231631
10	7	231783	232404
10	7	231990	232115
10	7	232474	232600
10	7	232967	233091
10	7	233239	233350
10	7	233441	234021
10	7	233707	233714
10	7	234074	234074
10	7	234283	234283
10	7	234317	234802
10	7	234523	234523
10	7	235126	235370
10	7	235163	236138
10	7	235726	235859
10	7	236451	236580
10	7	236494	236494
10	7	236846	236963
10	7	237220	237831
10	7	237533	237911
10	7	238153	238498
10	7	238176	238762
10	7	238728	238728
10	7	239023	239023
10	7	239079	239337
10	7	239367	240220
10	7	239692	239692
10	7	240051	240789
10	7	240583	241305
10	7	241147	241740
10	7	241655	241655
10	7	241972	243315
10	7	242015	242015
10	7	242360	243943
10	7	243793	244264
7	3	243822	243822
10	7	244443	244558
10	7	244638	245571
7	3	244705	244705
10	7	245256	245256
10	7	245611	245723
10	7	246087	246197
10	7	246165	246165
9	6	246230	246344
9	6	246290	246417
9	7	246344	246344
10	7	246683	247151
10	7	246761	246761
7	6	246788	247175
10	7	247005	247482
7	6	247151	248482
10	9	247248	247248
7	3	247526	247641
10	7	247641	247641
6	3	247663	247883
10	7	247841	248199
7	6	247883	247883
7	3	247999	247999
10	7	248112	248112
6	3	248226	248226
7	6	248226	248834
7	3	248261	248261
10	7	248482	248826
10	7	248554	248687
7	3	248714	248945
6	3	248958	248958
7	6	249090	249451
7	6	249180	251932
7	6	249591	249591
10	7	249653	250264
10	7	249740	250338
7	3	249773	249773
6	3	249824	249831
7	6	249952	250919
7	3	250147	250507
9	2	250404	250404
10	2	250404	250404
6	2	250417	250417
6	3	250417	251150
10	7	250589	251779
10	7	250633	251225
6	3	250769	250769
7	3	250776	250895
3	2	250895	250895
7	3	250980	250980
7	3	251225	252047
7	6	251378	251501
6	3	251599	251722
10	9	251667	251667
10	7	251697	251697
6	3	251746	251746
9	6	251751	251751
9	6	251892	251892
9	7	251932	251932
10	7	251932	252272
3	2	251959	252080
7	6	252020	252020
10	3	252023	252023
7	3	252073	252073
6	2	252142	252149
10	7	252253	252253
6	3	252263	252263
7	6	252263	252378
7	2	252272	252279
7	6	252279	252279
7	3	252309	252309
10	7	252407	253033
7	6	252532	253388
6	3	252534	252534
3	2	252662	252662
7	3	252663	252797
6	3	252669	252669
10	7	252721	252974
7	6	252735	253206
3	2	252925	253052
10	9	252954	252954
7	3	253052	253295
6	3	253081	253081
10	6	253088	253088
10	9	253094	253094
7	3	253159	253279
3	2	253170	253170
10	7	253239	253239
10	7	253279	253279
3	2	253295	253650
10	7	253482	253482
7	6	253567	254660
7	3	253626	253757
7	6	253626	253874
10	7	253633	253986
6	2	253671	253671
7	2	253757	253757
6	3	253888	253895
7	3	253888	254019
7	3	253986	253986
3	2	254019	254019
3	2	254019	254026
6	3	254057	254057
10	7	254068	254543
6	3	254136	254136
10	7	254222	254814
3	2	254257	254388
7	6	254336	254336
3	2	254363	254848
7	3	254363	254363
10	9	254428	254428
6	3	254430	254543
7	3	254462	254586
6	3	254484	254484
7	6	254586	255654
7	3	254598	254731
8	4	254834	256040
6	3	254899	255153
10	7	254911	255491
6	2	255027	255027
7	3	255076	255196
8	4	255089	255321
7	6	255153	255278
10	7	255168	256263
6	3	255311	255311
6	2	255332	255565
7	2	255415	255415
7	3	255430	255430
3	2	255437	256284
6	3	255437	255437
12	2	255494	255494
12	6	255494	255494
7	3	255542	255654
3	2	255565	255799
10	7	255617	255733
12	7	255617	255617
12	7	255654	256379
7	2	255687	255687
12	10	255752	258784
8	4	255795	256384
6	3	255804	255804
7	3	255804	255804
12	7	255866	257077
6	2	255869	256468
6	3	255869	256468
7	6	255996	256344
7	6	256022	256379
9	5	256055	256299
12	6	256115	256115
10	7	256206	256705
7	3	256284	256284
3	2	256285	257248
12	10	256336	263133
8	4	256385	256392
7	2	256395	256395
12	6	256467	256467
6	2	256518	256767
9	5	256631	256631
3	2	256758	257258
8	4	256761	257494
7	3	256864	256864
6	3	256879	256999
10	5	256991	256991
10	7	257105	258570
12	7	257105	257233
8	4	257116	257237
7	3	257133	257133
6	3	257258	257258
10	7	257306	258162
7	3	257466	257466
8	4	257491	257491
7	3	257495	257609
12	7	257574	257923
3	2	257609	257609
12	7	257844	257957
8	4	257845	258833
8	4	258086	258086
3	2	258097	258097
10	5	258162	258162
7	3	258193	259522
12	7	258193	258683
12	7	258300	258300
8	4	258340	258955
3	2	258351	258966
7	3	258462	258462
10	7	258512	258512
3	2	258590	258832
7	2	258683	258809
10	7	258770	258770
12	7	258784	258897
10	7	258809	258809
10	5	258830	258830
12	7	258935	259903
7	3	258945	258952
7	2	258959	259086
3	2	258959	259429
9	4	259075	259075
5	2	259086	259086
12	2	259086	259086
12	10	259136	260100
10	7	259139	259139
8	2	259181	260514
8	2	259201	260534
12	7	259252	259252
10	7	259295	260016
7	3	259316	259784
10	2	259496	259496
10	7	259609	260575
12	7	259633	260216
10	5	259901	259901
7	3	260016	260016
7	3	260165	260165
9	5	260243	263493
12	7	260250	261213
10	3	260278	260278
12	10	260336	262295
9	1	260369	261547
10	7	260370	260606
9	4	260397	260397
7	3	260486	260486
5	1	260511	261222
12	7	260577	261304
5	1	260617	260617
9	1	260617	260617
9	5	260628	263060
7	3	260632	260632
3	2	260764	260764
10	7	260819	260819
9	1	260853	261941
7	3	260868	261475
7	3	260966	260966
10	7	260966	263157
5	1	260973	261941
10	7	261169	261528
10	5	261222	261342
3	2	261228	261348
3	2	261237	261844
7	3	261574	261574
5	1	261581	261944
10	5	261708	261708
10	5	261766	261766
12	7	261797	261797
12	7	261828	263164
3	2	261836	261963
7	3	261955	261955
7	3	261956	261956
10	5	262069	262069
8	4	262072	271908
8	4	262194	262687
3	2	262205	262205
10	1	262270	262270
10	7	262270	262270
12	7	262295	262295
7	3	262329	262582
3	2	262582	262827
12	10	262655	262776
7	3	262691	263639
10	7	262762	263133
3	2	262826	263788
7	2	262826	262826
12	5	262887	262887
12	11	262887	263003
12	7	262894	262894
11	7	262925	262925
11	9	263124	263124
12	10	263131	263490
12	11	263152	263152
8	4	263185	263311
11	5	263186	263186
11	9	263369	263369
12	7	263369	263606
11	5	263402	263402
11	9	263402	263402
11	10	263402	263633
3	2	263419	263790
9	5	263420	263896
10	7	263488	263488
12	10	263488	263599
12	11	263490	263490
10	7	263528	263528
12	7	263528	264685
11	10	263599	263599
11	5	263652	263652
8	4	263666	263777
9	5	263722	263837
11	5	263754	264225
12	10	263826	271389
12	11	263826	264293
11	10	263843	264538
10	7	263876	264325
11	9	263879	264002
12	11	263879	265074
11	5	263896	264134
11	9	263958	265999
10	7	263970	264767
12	10	263970	267452
7	3	263987	263987
11	10	264002	264225
8	4	264021	264021
9	5	264198	267326
11	9	264239	264476
3	2	264270	264391
12	7	264293	264797
11	5	264357	265681
11	10	264357	264600
7	3	264358	264358
9	5	264371	264591
8	4	264496	265680
3	2	264587	264711
11	5	264591	265916
11	3	264600	264600
7	3	264811	264811
10	7	264811	265663
11	9	264835	266400
11	10	264835	264835
9	5	264944	267622
3	2	264956	264956
12	11	265042	265393
12	7	265067	265192
7	3	265073	265073
10	3	265073	265073
10	3	265127	265127
11	10	265127	266693
9	1	265151	265151
12	7	265151	265151
7	3	265192	266251
11	10	265211	265211
10	7	265253	266105
12	1	265278	265278
12	11	265327	265451
10	5	265378	265378
7	1	265421	266251
11	1	265451	265681
12	7	265509	266223
5	1	265548	265562
12	7	265548	266251
9	1	265559	265559
11	10	265561	265791
12	1	265621	266499
3	1	265679	265915
10	1	265679	266385
12	11	265791	265791
7	1	265915	269757
11	5	265920	266278
8	4	265932	266399
12	11	266036	266278
7	3	266041	266755
10	3	266041	266280
10	1	266105	270196
10	7	266129	266251
3	1	266153	267764
12	3	266230	266230
3	1	266258	269757
12	1	266258	266860
11	5	266274	266274
11	9	266353	266353
7	2	266373	266373
10	3	266460	266571
12	7	266478	266857
12	3	266485	266485
12	11	266485	266485
7	1	266500	268672
7	3	266500	267502
12	7	266500	267516
10	7	266622	267502
11	10	266643	267238
2	1	266649	266649
3	2	266649	266649
7	2	266649	266649
10	7	266693	266815
11	9	266732	267083
11	5	266746	266988
8	4	266749	268254
11	5	266765	266765
11	9	266765	266885
10	1	266867	267494
11	7	266893	266893
10	3	266942	267190
12	1	266979	266979
12	11	266979	267828
7	3	267010	267031
3	2	267017	267155
12	3	267031	267031
8	2	267120	267120
12	1	267122	267869
11	1	267129	267129
10	3	267155	267155
10	7	267190	267210
11	10	267190	267827
12	11	267238	267488
12	1	267239	268064
12	7	267239	267239
11	5	267250	267250
11	9	267333	267456
11	9	267366	268110
7	3	267389	270624
10	3	267452	267695
11	7	267502	267502
11	5	267506	267872
10	7	267568	268190
9	5	267580	273832
12	7	267602	269353
11	5	267614	267614
11	10	267614	267614
7	3	267634	270120
10	7	267634	268445
10	2	267690	267690
12	10	267695	268879
11	9	267813	268064
11	10	267863	268590
12	11	267863	267863
10	1	267869	269278
12	7	267872	269623
3	1	267896	269885
10	3	267952	267952
12	1	268001	268128
9	5	268004	274102
11	10	268079	268990
12	11	268110	268110
11	5	268129	268256
12	11	268175	268402
11	9	268306	268306
7	2	268334	268334
12	1	268402	268526
11	9	268467	268467
12	3	268526	268526
12	11	268597	269089
8	4	268605	268718
10	7	268652	268763
12	1	268701	269163
11	5	268723	268723
7	2	268796	268796
11	5	268829	269291
10	3	268879	269350
12	1	268881	268881
12	3	268881	268881
11	9	268903	269513
11	9	268977	269089
7	1	269032	269507
11	1	269039	269039
8	4	269065	269416
10	7	269114	269229
11	5	269219	269219
12	10	269229	272728
12	3	269237	269237
11	9	269344	269949
12	11	269344	269703
12	11	269353	269608
11	10	269468	269468
11	10	269469	270319
12	1	269480	269480
7	2	269507	269507
10	7	269507	271534
11	5	269580	269580
10	1	269636	269636
12	1	269636	269636
10	3	269708	269708
12	7	269731	271633
8	4	269771	273860
10	7	269825	269825
11	10	269829	269829
12	1	269850	269850
9	1	269869	270583
7	1	269878	270001
10	3	269885	269885
12	3	269967	269967
11	5	270002	270002
10	3	270068	270438
7	1	270117	270245
10	1	270117	270117
12	1	270117	270117
12	7	270120	271903
10	7	270196	270438
3	1	270263	270506
7	3	270362	270362
5	1	270368	270611
9	1	270368	270611
5	1	270373	270615
10	3	270382	270382
10	1	270555	270680
10	9	270555	270562
10	3	270680	270680
3	2	270740	270740
7	1	270830	270830
5	1	270857	270857
10	7	270906	272105
5	1	270955	271082
9	1	270955	271082
10	9	271060	271060
10	1	271148	271148
7	3	271289	274927
3	2	271461	272290
10	1	271498	271498
12	10	271633	271633
10	5	271784	271784
3	2	271789	271789
7	2	271794	271794
10	9	271852	271852
7	2	271920	271920
3	2	272049	272288
7	3	272049	273020
8	4	272157	278660
10	2	272290	272290
10	7	272344	272344
10	7	272410	272758
10	2	272472	272472
3	2	272544	272672
10	7	272600	273076
10	2	272728	272728
3	2	272913	275436
3	2	273020	273020
10	7	273115	273375
7	3	273502	273502
10	7	273686	274273
10	7	273718	274934
3	2	273748	273869
7	3	273748	273748
9	1	273950	275399
7	3	274090	274717
8	4	274227	274712
9	1	274322	275758
3	2	274354	274717
10	7	274410	275123
7	2	274572	274572
10	5	274773	274773
3	2	275067	275315
7	3	275067	275769
7	3	275164	275278
8	4	275192	276127
10	7	275278	275278
10	7	275371	275482
7	3	275631	275749
10	7	275631	275756
3	2	275653	275653
3	2	275684	276387
10	7	275949	276314
7	3	275996	275996
10	7	275996	276717
9	4	276109	276229
3	2	276128	276371
10	1	276233	276233
7	3	276258	276258
8	4	276376	276616
9	4	276376	276376
9	4	276484	276505
9	8	276491	276498
10	7	276559	276684
7	3	276603	278975
7	3	276628	276865
9	8	276732	277101
3	2	276740	278421
3	2	276865	276865
7	2	276997	276997
10	7	277071	277328
8	4	277096	278782
10	7	277150	278108
7	2	277201	277201
3	2	277207	277333
7	3	277207	277463
9	8	277245	277245
7	2	277348	277348
7	2	277552	277552
9	4	277565	277565
3	2	277590	278311
10	3	277705	277705
10	7	277790	277901
7	3	277814	279856
9	8	277834	277834
9	8	277941	278533
10	7	278042	278621
9	4	278063	278521
9	4	278070	278181
9	8	278297	278297
10	7	278353	278939
9	8	278660	278660
3	2	278673	278793
9	4	278768	279243
3	2	278774	278774
9	4	279019	279716
7	2	279030	279143
3	2	279143	279606
10	2	279143	279143
10	7	279218	280079
7	3	279232	279464
3	2	279237	279237
10	7	279293	279912
7	2	279353	279353
3	2	279487	279615
10	2	279536	279536
7	2	279606	279606
7	3	279719	280072
10	2	280037	280037
7	3	280341	280341
10	7	280390	280390
7	3	280427	280427
10	7	280427	282237
10	7	280621	280745
7	3	280792	280792
10	7	281237	281360
7	3	281415	281415
10	7	281704	282329
9	7	282371	282371
10	7	282562	282562
10	7	282631	285141
10	7	283290	283290
10	7	283543	283543
10	7	284150	284629
10	7	284980	285459
10	7	285746	286097
10	7	285945	286647
10	7	286448	287053
10	7	286881	287371
10	7	287517	287759
10	7	287717	288084
10	7	288124	288732
10	7	288683	288683
10	7	288753	289394
10	7	288820	288933
10	7	289064	289955
10	7	289764	289885
10	7	290203	290318
10	7	290349	290349
10	7	290667	290667
10	7	290705	290831
10	7	291073	291551
10	7	291275	291391
10	7	291869	291989
10	7	291910	292251
10	7	292337	293418
10	7	292593	292974
10	7	293225	294181
10	7	294127	294499
10	7	294534	294534
10	7	295098	295460
10	7	295142	296002
10	7	295815	295815
10	7	296072	296313
10	7	296340	296602
10	7	296439	296439
10	7	296730	296852
10	7	296913	297170
10	7	297804	298033
10	7	297876	298594
10	7	298276	299215
10	7	298942	299406
10	7	299686	299821
10	7	299771	300004
10	7	300139	300139
10	7	300164	300870
10	7	300728	302229
10	7	301342	303062
10	7	302570	303992
10	7	303289	304159
10	7	304234	305067
10	7	304395	304395
10	7	304749	305226
10	7	305306	305306
10	7	305472	305472
10	7	305544	305783
10	7	305819	305819
10	7	306016	306379
10	7	306177	306641
10	7	306724	307194
10	7	307468	307581
10	7	307899	308008
10	7	307939	308295
10	7	308250	308250
10	7	308495	308495
10	7	308639	309376
10	7	308845	309190
10	7	309438	310074
10	7	309516	309876
10	7	310230	311406
10	7	310429	310429
10	7	310772	311008
10	7	311483	311592
10	7	311676	311676
10	7	311852	312115
10	7	312157	312505
10	7	312601	313045
10	7	313344	313925
10	7	313407	313407
10	7	313662	313662
10	7	314120	314120
10	7	314377	314614
10	7	314649	314649
10	7	315142	315142
10	7	315338	315827
10	7	315509	316355
10	7	316309	317134
10	7	316816	316929
10	7	317277	317277
10	7	317478	318210
10	7	318582	318707
10	7	318752	318995
10	7	319077	319077
10	7	319350	319575
10	7	319540	319668
10	7	319712	319719
10	7	320016	320016
10	7	320151	320151
10	7	320191	320191
10	7	320542	321755
10	7	320628	320860
10	7	321223	321461
10	7	321818	322923
10	7	322008	322967
10	7	323172	323172
10	7	323315	324301
10	7	323633	323633
10	7	324013	324137
10	7	324502	325203
10	7	324770	324885
10	7	325021	325139
10	7	325262	325388
10	7	325457	325457
10	7	325580	326189
10	7	325871	326938
10	7	326422	326422
10	7	326774	327023
10	7	327174	327642
10	7	327375	327953
10	7	327895	327895
10	7	328098	329021
10	7	328465	328703
10	7	328724	328969
10	7	329166	329900
10	7	329215	332087
10	7	330240	330247
10	7	330617	332037
10	7	332405	332528
10	7	332437	333777
10	7	333001	333001
10	7	333371	333725
10	7	334029	334483
10	7	334095	334102
10	7	334577	335272
10	7	335068	335441
10	7	335511	335759
10	7	335798	336410
10	7	336116	336116
7	3	336284	336284
10	7	336484	336854
7	3	336546	336546
7	3	336650	336650
10	7	336650	336896
7	3	337255	337364
7	3	337281	337281
10	7	337364	337757
7	3	337626	337633
10	7	337682	337689
10	7	337829	337963
10	7	338114	338121
7	3	338244	338244
10	7	338372	338372
10	7	338425	338814
7	3	338489	338489
10	7	338842	340742
7	3	338990	339104
10	7	339160	339402
7	3	339450	339450
10	7	339889	340141
7	3	340513	340624
10	3	340600	340600
10	7	340600	341176
7	3	340865	340865
10	7	340865	340879
10	7	341197	341784
7	3	341230	341230
10	7	341356	341590
7	3	341611	341611
10	7	341611	341611
7	3	341618	341618
10	7	341915	342507
10	7	342073	342073
10	7	342317	342331
7	3	342451	342451
10	7	342649	342884
10	7	342686	342686
7	3	342807	342807
10	7	342930	343989
10	7	343248	343248
10	7	343836	345395
10	7	344343	344596
10	7	345077	346007
10	7	345737	346087
10	7	346576	346945
10	7	346866	346866
10	7	347222	347586
10	7	347306	347306
10	7	347783	347904
10	7	347831	348183
10	7	348149	348732
10	7	348782	349125
10	7	349100	349688
10	7	349377	350478
10	7	349823	349823
10	7	350070	350930
10	7	350728	350970
7	3	351102	352907
10	7	351165	351281
10	7	351212	351219
10	7	351530	352275
10	7	351711	352190
7	3	351846	351980
10	3	351980	351980
10	7	352553	353987
7	3	352569	352690
10	7	352625	353458
7	3	353059	353292
7	3	353496	354098
7	3	353638	353638
10	7	354050	354305
10	7	354219	355159
7	3	354249	354360
7	3	354564	354683
7	3	354599	354826
10	7	355001	355001
7	3	355291	355653
10	7	355354	356332
10	7	355401	355653
7	3	356014	357086
10	7	356129	356711
7	3	356618	356618
10	7	356674	357029
10	7	357086	357326
7	3	357229	357348
10	7	357285	357529
7	3	357588	357588
10	7	357808	357935
10	7	357881	359081
7	3	357935	357935
10	7	358290	358400
10	7	358763	358880
10	7	359221	359472
10	7	359539	359539
10	7	359831	360083
10	7	359910	359910
10	7	360221	362404
10	7	360284	361120
10	7	361371	361371
10	7	361616	362470
10	7	362722	363548
10	7	362771	364924
10	7	364025	364512
10	7	365005	365814
10	7	365258	368184
10	7	366163	366548
10	7	366569	367283
10	7	367542	367542
10	7	367783	368627
10	7	368552	368552
10	7	368906	369019
10	7	368991	369224
10	7	369276	370129
10	7	369474	369594
10	7	369835	370808
10	7	370377	370960
10	7	371048	371048
10	7	371311	372254
10	7	371399	373163
10	7	372605	372845
10	7	372976	373462
10	7	373294	375079
10	7	374046	374410
10	7	374761	375803
10	7	375547	375547
10	7	376004	376349
10	7	376157	376628
10	7	376718	376828
10	7	376867	376874
10	7	377071	377071
10	7	377121	379155
10	7	377439	378855
10	7	379117	379117
10	7	379517	379758
10	7	379718	379718
10	7	380069	380069
10	7	380101	380601
10	7	380300	380546
10	7	380791	382131
10	7	380951	381688
10	7	382286	382286
10	7	382410	382410
10	7	382492	382728
10	7	382663	383273
10	7	382981	382981
10	7	383470	383851
10	7	383656	384729
10	7	384089	384089
10	7	384453	384929
10	7	384996	384996
10	7	385054	385054
10	7	385307	385663
10	7	385345	385475
10	7	385956	388000
10	7	386039	386964
10	7	387215	388559
10	7	388490	390681
10	7	388808	388808
10	7	389402	390403
10	7	390778	391353
10	7	390908	391488
10	7	391695	392770
10	7	391832	392943
10	7	393140	393140
10	7	393186	393186
10	7	393387	394439
10	7	393553	393778
10	7	394121	394376
10	7	394694	394814
10	7	394720	394855
10	7	395045	395045
10	7	395209	395451
10	7	395893	395893
10	7	395934	395934
10	7	396368	397305
10	7	396648	397975
10	7	397566	398997
10	7	398214	399836
10	7	399329	399801
10	7	400413	400413
10	7	400466	401179
10	7	400784	400784
10	7	401423	402020
10	7	401504	402087
10	7	402151	402989
10	7	402345	402469
10	7	402713	402713
10	7	403073	403538
10	7	403220	404094
10	7	404154	404271
10	7	404412	404412
10	7	404461	404461
10	7	404779	405490
10	7	404809	406028
10	7	405988	405988
10	7	406224	406224
10	7	406382	407320
10	7	406923	407754
10	7	407556	408188
10	7	407881	409446
10	7	408550	410593
10	7	409580	409951
10	7	410297	411264
10	7	410829	410829
10	7	411080	412568
10	7	411526	412388
10	7	412754	412872
10	7	412910	414695
10	7	413349	413804
10	7	414167	415131
10	7	414923	415300
10	7	415427	417153
10	7	415490	416877
10	7	417120	417127
10	7	417471	417839
10	7	417763	418258
10	7	418081	419312
10	7	418382	418382
10	7	418874	419832
10	7	419669	421248
10	7	420182	420433
10	7	420693	421039
10	7	421391	421391
10	7	421586	421709
10	7	421734	422335
10	7	422168	422168
10	7	422646	424426
10	7	422904	425143
10	7	424770	427233
10	7	425385	426802
10	7	426929	427406
10	7	427489	427724
10	7	427989	428721
10	7	428074	428786
10	7	429072	429902
10	7	429277	432392
10	7	430275	430275
10	7	431015	431136
10	7	431489	431605
10	7	431955	433576
10	7	432413	433406
10	7	433542	434860
10	7	433825	434068
10	7	434309	434542
10	7	434888	435262
10	7	435206	435827
10	7	435637	437406
10	7	436068	436068
7	3	436239	437167
10	7	436557	437978
7	3	436847	436847
10	7	437543	437543
7	3	437668	437668
10	3	437724	437854
10	7	437779	437779
7	3	437805	437805
10	7	438143	441898
10	7	438461	438950
10	7	439083	439944
10	7	440287	441727
10	7	442090	442687
10	7	442246	442246
10	7	442490	442724
10	7	442864	444965
10	7	442920	443804
10	7	444180	444297
10	7	444546	446141
10	7	445460	446056
10	7	446401	450124
10	7	446483	447326
10	7	447919	448757
10	7	449358	451967
10	7	450373	450373
10	7	450609	451283
10	7	451536	451536
10	7	451875	452351
10	7	452307	452434
10	7	452790	453158
10	7	452955	453079
10	7	453554	453554
10	7	453622	453622
10	7	453990	455845
10	7	454040	455527